Randomly generated matrix A is:
     -23.5       1.82       5.52      0.628     -0.472 
     -16.7      -14.4        2.3       28.6       9.63 
     -20.2      -15.9       23.6      -7.51       22.1 
     -8.77       14.2      -25.4      -3.66       27.3 
         4       9.99       27.5      -6.81      -24.9 
Performed two-sided Jacobi algorithm in 5 sweeps on matrix A of size 5.
Is U*D*V^T = A?
     -23.5       1.82       5.52      0.628     -0.472 
     -16.7      -14.4        2.3       28.6       9.63 
     -20.2      -15.9       23.6      -7.51       22.1 
     -8.77       14.2      -25.4      -3.66       27.3 
         4       9.99       27.5      -6.81      -24.9 
True
Diagonalized matrix is:
      8.93  -2.76e-33   9.86e-32     -7e-55  -3.01e-36 
 -1.77e-33       21.6  -6.74e-46   4.92e-66   1.89e-72 
 -1.13e-30  -1.23e-32       31.8    4.7e-38   3.71e-78 
 -4.81e-35  -3.76e-37   2.35e-38       48.6          0 
  4.51e-36   1.84e-40   2.14e-78          0       55.2 
U is 
     0.542     -0.759      0.135      0.315      0.116 
    -0.365     -0.154     -0.722       0.43       0.37 
   -0.0833      0.371      0.524      0.714      0.266 
    -0.473     -0.338      0.388     -0.388      0.601 
    -0.586     -0.386      0.187      0.236     -0.646 
V is 
    -0.354      0.661     -0.139     -0.508     -0.401 
    -0.561     -0.634      0.306     -0.415     -0.132 
    -0.437      0.101      0.212      0.738     -0.457 
     -0.42     -0.176     -0.856      0.143      0.197 
    -0.439      0.346       0.33     0.0678      0.758 
Check for orthogonality of U. U*U^T = 
         1  -2.91e-16   9.71e-17   9.71e-17  -4.16e-17 
 -2.91e-16          1  -4.16e-17  -5.55e-17   8.33e-17 
  9.71e-17  -4.16e-17          1   1.39e-16  -1.11e-16 
  9.71e-17  -5.55e-17   1.39e-16          1          0 
 -4.16e-17   8.33e-17  -1.11e-16          0          1 
Check for orthogonality of V. V*V^T = 
         1   8.33e-17   1.67e-16   9.71e-17  -1.11e-16 
  8.33e-17          1   2.08e-16   2.57e-16   1.25e-16 
  1.67e-16   2.08e-16          1   1.39e-17  -2.78e-16 
  9.71e-17   2.57e-16   1.39e-17          1   2.78e-17 
 -1.11e-16   1.25e-16  -2.78e-16   2.78e-17          1 
